dataloader = kitti360
path = data/kitti360
sequence_id = 1538
num_frames = 64
<<<<<<< HEAD
fov_lidar = (2.02984126984, 11.0317460317, -8.799812, 16.541)
scale = 0.011459048603117082
offset = [1151.483461285951, 3997.4963967330514, 109.502693495605]
=======
fov_lidar = [2.0, 26.9]
scale = 0.011548275776332972
offset = [1151.8358791134126, 3996.8402510034266, 109.36177143292494]
>>>>>>> 5ba63e4059853778cee7bf3800de2db2600b82a7
