dataloader = kitti360
path = data/kitti360
sequence_id = 4950
num_frames = 51
<<<<<<< HEAD
fov_lidar = (2.02984126984, 11.0317460317, -8.799812, 16.541)
scale = 0.010484470986935484
offset = [1308.3162026238087, 3604.451328924987, 110.60750641587288]
=======
fov_lidar = [2.0, 26.9]
scale = 0.010504111160304076
offset = [1307.153804512869, 3604.248396264964, 112.41162556152523]
>>>>>>> 5ba63e4059853778cee7bf3800de2db2600b82a7
