dataloader = kitti360
path = data/kitti360
sequence_id = 1908
num_frames = 64
fov_lidar = (2.02984126984, 11.0317460317, -8.799812, 16.541)
scale = 0.010866120273278825
offset = [1069.737233216975, 3765.1081508062243, 113.10899355608674]
