dataloader = kitti360
path = data/kitti360
sequence_id = 1728
num_frames = 64
fov_lidar = (2.02984126984, 11.0317460317, -8.799812, 16.541)
scale = 0.012327285300996738
offset = [1036.6161333053751, 3863.428101277975, 111.83090081895878]
