dataloader = kitti360
path = data/kitti360
sequence_id = 1728
num_frames = 64
fov_lidar = [1.9647572, 11.0334425, -8.979475, 16.52717]
scale = 0.012292432480082136
offset = [1036.5660149376142, 3863.103997561373, 117.25097590307081]
