dataloader = kitti360
path = data/kitti360
sequence_id = 4950
num_frames = 51
fov_lidar = [2.0, 26.9]
scale = 0.010504111160304076
offset = [1307.153804512869, 3604.248396264964, 112.41162556152523]
