dataloader = kitti360
path = data/kitti360
sequence_id = 1908
num_frames = 64
fov_lidar = [1.9647572, 11.0334425, -8.979475, 16.52717]
scale = 0.010935883291453686
offset = [1069.9591186582486, 3764.4954623143785, 117.33937903347109]
