dataloader = kitti360
path = data/kitti360
sequence_id = 1538
num_frames = 64
fov_lidar = [1.9647572, 11.0334425, -8.979475, 16.52717]
scale = 0.011549227113726539
offset = [1151.9104404074305, 3996.8936044054535, 117.04043593830083]
