dataloader = kitti360
path = data/kitti360
sequence_id = 4950
num_frames = 51
fov_lidar = [1.9647572, 11.0334425, -8.979475, 16.52717]
scale = 0.010506839925940393
offset = [1307.5473836479837, 3604.632885463949, 118.24620028337077]
