dataloader = kitti360
path = data/kitti360
sequence_id = 4950
num_frames = 51
fov_lidar = (2.02984126984, 11.0317460317, -8.799812, 16.541)
scale = 0.010484470986935484
offset = [1308.3162026238087, 3604.451328924987, 110.60750641587288]
