dataloader = kitti360
path = data/kitti360
sequence_id = 3353
num_frames = 64
fov_lidar = [1.9647572, 11.0334425, -8.979475, 16.52717]
scale = 0.009489813658573086
offset = [1360.634244772814, 3817.762215790879, 117.97444733628569]
