dataloader = kitti360
path = data/kitti360
sequence_id = 1538
num_frames = 64
fov_lidar = (2.02984126984, 11.0317460317, -8.799812, 16.541)
scale = 0.011459048603117082
offset = [1151.483461285951, 3997.4963967330514, 109.502693495605]
